$grad
  cycle =      1    SCF energy =    -1.35783588295   |dE/dxyz| =  0.198306
    4.45476477713524     -1.71999092410703     -4.08246983332377      C 
    3.75925107696869     -0.39104102696771     -6.06528386684301      C 
    3.27160725051038     -3.59575197266653     -3.55465042945603      H 
    1.96448369011043     -0.75475661417340     -7.22550011831498      H 
    4.62914870391522      1.24907117385162     -6.76246052599923      H 
    6.76845095781428     -1.38747471521882     -2.53758093192407      C 
    6.90672221835275     -3.08420311073177     -1.60377276744288      H 
    8.79162954135541     -1.67053679142572     -3.87522356923664      H 
    6.79766612370091      0.28145580900097     -1.20706256210131      H 
   -7.58717480130608      4.13419163735463     19.84928637052694      C 
   3.3020988459752E-02   5.4465129028419E-02  -1.5417022170210E-02
   4.9262816706004E-02   1.2008733900018E-02   2.3677201155315E-02
  -3.2431970196086E-02  -6.0341084010217E-02   1.8839164158578E-02
  -3.4011951097468E-02  -3.7199789935873E-04  -2.6839114975600E-02
  -1.6619412564781E-02  -1.2586209574929E-02  -1.3614913528612E-03
  -7.2548381394702E-02  -2.2185062138708E-02   7.6355158683999E-02
  -1.0081036636789E-02   3.1915392335256E-02  -3.8256546450472E-02
   8.1970794949064E-02  -2.0663378498190E-02  -5.1816127270176E-02
   1.4381960858564E-03   1.7758458167087E-02   1.4818697484992E-02
  -4.4310850860015E-08   1.8690622952918E-08   8.0736434611749E-08
$end
