$grad
  cycle =      1    SCF energy =    -1.40184007053   |dE/dxyz| =  0.017868
   -0.03909843351840      0.00000000000000      0.05623824946870      C 
    0.03802128962736      0.00000000000000      2.54931613115796      C 
    1.70203852592314      0.00000000000000     -1.01551992210978      H 
    1.79297214703987      0.00000000000000      3.57851767040999      H 
   -1.66346921571964      0.00000000000000      3.67056622994025      H 
   -2.43627271438316      0.00000000000000     -1.44994906089877      C 
   -2.04570411894661      0.00000000000000     -3.46534197280647      H 
   -3.56835094385953     -1.66021888678529     -1.00333118860598      H 
   -3.56835094385953      1.66021888678529     -1.00533429829807      H 
   4.6790981394381E-03  -2.4208904281117E-05   5.9096213961614E-03
   1.7474977955473E-03  -7.1762160419672E-07  -1.8770566391967E-03
  -2.1689146828018E-04  -3.6208283635493E-07  -3.1000840027064E-03
   1.6765618318123E-03  -8.4601801901880E-10   1.7504848489596E-03
  -2.7081208041639E-03  -1.2039000133114E-07   3.3103040393919E-03
  -8.4858982916147E-03   9.4075202304331E-05  -1.1250106328302E-02
   1.3509671483104E-03   4.1042299501305E-05   3.9087580560208E-03
   9.5465382017270E-04   1.2715215777345E-03   7.2495372239763E-04
   1.0021318287778E-03  -1.3812292347992E-03   6.2312490727336E-04
$end
