           1           2   1.84741581469193     
           1           3   1.00996482935010     
           2           4  0.977594056681262     
           2           5   1.02365224953086     
           1           6   1.00853396944270     
           6           7   1.01104457767288     
           7           8  0.957881711194710     
           6           9  0.976722171693767     
           6          10  0.970438800110766     
           3          11  0.981140998845151     
           3          12  0.977071014426577     
           3          13  0.992374878155522     
           5          14  0.991782933416033     
           5          15  0.989399347644353     
           5          16  0.982693678726285     
          15          17   1.07096037420107     
