     0.600     4.04754
     0.650     1.68369
     0.700    -0.56026
     0.750    -2.28502
     0.800    -3.28770
     0.850    -3.82499
     0.900    -4.14264
     0.950    -4.26092
     1.000    -4.23883
     1.050    -4.11834
     1.100    -3.93016
     1.150    -3.69758
     1.200    -3.43685
     1.250    -3.16130
     1.300    -2.88059
     1.350    -2.60195
     1.400    -2.33134
     1.450    -2.07358
     1.500    -1.83318
     1.550    -1.61430
     1.600    -1.42123
     1.650    -1.25812
     1.700    -1.12813
     1.750    -1.03208
     1.800    -0.96766
     1.850    -0.92981
     1.900    -0.91221
     1.950    -0.90851
     2.000    -0.91394
     2.050    -0.92443
     2.100    -0.93724
     2.150    -0.95038
     2.200    -0.96293
     2.250    -0.97471
     2.300    -0.98553
     2.350    -0.99520
     2.400    -1.00356
     2.450    -1.01055
     2.500    -1.01635
     2.550    -1.02113
     2.600    -1.02507
     2.650    -1.02835
     2.700    -1.03111
     2.750    -1.03342
     2.800    -1.03531
     2.850    -1.03683
     2.900    -1.03802
     2.950    -1.03892
     3.000    -1.03958
     3.050    -1.04003
     3.100    -1.04033
     3.150    -1.04051
     3.200    -1.04061
     3.250    -1.04065
     3.300    -1.04065
     3.350    -1.04061
     3.400    -1.04053
     3.450    -1.04043
     3.500    -1.04030
     3.550    -1.04015
     3.600    -1.03999
     3.650    -1.03982
     3.700    -1.03965
     3.750    -1.03948
     3.800    -1.03932
     3.850    -1.03916
     3.900    -1.03901
     3.950    -1.03887
     4.000    -1.03872
     4.050    -1.03859
     4.100    -1.03846
     4.150    -1.03833
     4.200    -1.03821
     4.250    -1.03810
     4.300    -1.03799
     4.350    -1.03789
     4.400    -1.03779
     4.450    -1.03770
     4.500    -1.03762
     4.550    -1.03754
     4.600    -1.03746
     4.650    -1.03739
     4.700    -1.03732
     4.750    -1.03726
     4.800    -1.03720
     4.850    -1.03714
     4.900    -1.03709
     4.950    -1.03704
     5.000    -1.03699
     5.050    -1.03695
     5.100    -1.03691
     5.150    -1.03687
     5.200    -1.03684
     5.250    -1.03680
     5.300    -1.03677
     5.350    -1.03674
     5.400    -1.03671
     5.450    -1.03669
     5.500    -1.03666
     5.550    -1.03664
