$grad
  cycle =      1    SCF energy =   -16.81571010932   |dE/dxyz| =  0.013670
   -2.24006245086382      2.83526948833552     -0.33032412658365      C 
    0.10790336171583      2.88304176476593      0.54894654194099      C 
    2.23444996427370      1.26859204471895     -0.17060447453073      C 
    2.23444996427370     -1.26859204471895     -0.17060447453073      C 
    0.10790336171583     -2.88304176476593      0.54892764467975      C 
   -2.24006245086382     -2.83526948833552     -0.33032412658365      C 
    0.53923334966044      4.20681381232379      2.06044398271865      H 
    4.05162950296996      2.20117188721914     -0.37654682759187      H 
    4.05162950296996     -2.20119078448038     -0.37654682759187      H 
    0.53923334966044     -4.20681381232379      2.06042508545740      H 
   -3.72657771227400     -3.92397850325185      0.55631647382701      H 
   -2.76298746406879     -1.74625811723926     -1.97034184109675      H 
   -3.72657771227400      3.92397850325185      0.55629757656577      H 
   -2.76296856680755      1.74625811723926     -1.97234495078885      H 
   1.3011088481452E-04   8.1419431888720E-05   7.5179804436730E-04
  -1.3985495387817E-03   2.3584696245688E-03  -3.5311099856467E-04
   3.2421766898189E-03   1.2194927324254E-03  -2.5199419256637E-03
   3.2383157446931E-03  -1.2234495136981E-03  -2.5216640124095E-03
  -1.4094149920261E-03  -2.3402190930328E-03  -3.7950861227652E-04
   2.8446897143974E-05   1.5842788022787E-04   3.3220614681229E-04
  -1.6319355075895E-03   1.5821084990417E-03   1.8608097771688E-04
   2.7946356880553E-03  -1.6459175278632E-03   1.3570949517957E-03
   2.7977628084539E-03   1.6436962243879E-03   1.3574029234374E-03
  -1.6403934145643E-03  -1.5732304194784E-03   1.9573789148003E-04
  -2.9933965276668E-03   1.2679052992399E-03   3.9145051379244E-03
  -2.2867550411887E-05   3.5681551858736E-03  -2.9035850365676E-03
  -2.9858606728541E-03  -1.2503413478841E-03   3.9336287438686E-03
  -1.4903050908520E-04  -3.8465169756974E-03  -3.3506442319206E-03
$end
