           1           2   1.91716981922770     
           2           3   1.09135574709843     
           3           4   1.81057927780348     
           4           5   1.09134962259570     
           5           6   1.91716395166563     
           2           7  0.951637985531354     
           3           8  0.959631724131610     
           4           9  0.959631536621835     
           5          10  0.951661944805901     
           6          11  0.977636359087618     
           6          12  0.963426622077218     
           1          13  0.977634368031094     
           1          14  0.963394042643806     
